ant1 2.443151325775634319e-01 2.515243238114226187e+01 -9.424732998013496399e-04
ant2 2.842388865383933094e+00 2.819667677767165515e+01 3.225933760404586792e-04
ant3 9.923772229076954332e+00 2.162926096036562740e+01 -1.000237651169300079e-03
ant4 1.604494914583361975e+01 2.339218768893215383e+01 1.828102394938468933e-04
ant5 1.768071052928886644e+01 2.013684645373314197e+01 2.423329278826713562e-04
ant6 -6.356983405691911670e+00 2.207419492817598439e+01 -5.596959963440895081e-04
ant7 -2.690671074474570545e+00 2.073965768976950130e+01 -8.257292211055755615e-05
ant8 3.430544597291978803e+00 2.250203655108225576e+01 2.647461369633674622e-04
ant9 5.920692485137502459e+00 2.159610383948484014e+01 1.182956621050834656e-04
ant10 1.428334538041114321e+01 1.855139869144068143e+01 -3.436859697103500366e-05
ant11 1.517194907153922578e+01 1.689860698829170360e+01 4.668636247515678406e-04
ant12 2.150606942522305332e+01 1.193235680041425439e+01 -7.205633446574211121e-04
ant13 -1.370430741975117961e+01 2.059923386459877293e+01 -1.473594456911087036e-04
ant14 -1.121430360424831996e+01 1.969246511808478317e+01 2.356125041842460632e-04
ant15 -4.773101938926023635e+00 1.867732879145069091e+01 -1.815911382436752319e-04
ant16 1.561122281555677560e+00 1.371245414665781936e+01 -1.057420857250690460e-03
ant17 2.876792815709146467e+00 1.323325265656922056e+01 -5.450826138257980347e-04
ant18 8.998997093489984778e+00 1.499553080011855855e+01 -8.589215576648712158e-05
ant19 1.618731914689730189e+01 1.237840116870529528e+01 -1.143701374530792236e-04
ant20 2.134519365740440122e+01 7.841834623769955215e+00 -2.434439957141876221e-04
ant21 2.704121339154395542e+01 8.429038033671076846e+00 1.009460538625717163e-05
ant22 -2.308144270364694961e+01 1.720115661009504038e+01 1.769643276929855347e-04
ant23 -1.824273508616291650e+01 1.543871414148770782e+01 -5.401540547609329224e-04
ant24 -1.094623872187488267e+01 1.677396463660579684e+01 6.305789574980735779e-04
ant25 -6.534599398300391826e+00 1.383792359588142062e+01 -9.235274046659469604e-05
ant26 -2.869275672980924341e+00 1.250348707523835401e+01 2.728998661041259766e-04
ant27 1.970525406030597892e+00 1.074231933216969992e+01 -2.063903957605361938e-05
ant28 6.381135917813177016e+00 7.806918516459973034e+00 -1.442059874534606934e-05
ant29 1.399864708768169841e+01 6.364013598150904727e+00 -3.373613581061363220e-04
ant30 2.043991485327448032e+01 5.350800581155908731e+00 3.928719088435173035e-04
ant31 2.175459678164649091e+01 4.871699809281835769e+00 7.933396846055984497e-04
ant32 2.734155700375291786e+01 1.507990894165686768e+00 5.280133336782455444e-05
ant33 -2.003749988103785284e+01 1.460195632215936712e+01 -2.105245366692543030e-04
ant34 -1.605296905726694234e+01 1.049285621608896690e+01 -9.824894368648529053e-05
ant35 -1.035808299008325228e+01 1.107932440956528808e+01 5.727307870984077454e-04
ant36 -6.692614203822207841e+00 9.745723823576099676e+00 4.086717963218688965e-04
ant37 -5.058684970871885511e+00 6.491419958557798964e+00 -2.848571166396141052e-04
ant38 2.877784369475799409e+00 2.271639976588176069e+00 -6.430596113204956055e-04
ant39 5.367932257437738386e+00 1.365707265470973653e+00 -7.895100861787796021e-04
ant40 9.459400320388036576e+00 1.206884985741908167e+00 6.224112585186958313e-04
ant41 1.867845713785815320e+01 5.108474175899573311e-01 -3.535049036145210266e-04
ant42 2.234374210793490789e+01 -8.230412353191240982e-01 8.474746719002723694e-04
ant43 2.515299223906792037e+01 -4.505012975180306967e+00 1.363372430205345154e-04
ant44 -2.414766093661577173e+01 1.061768533956956162e+01 1.377835869789123535e-04
ant45 -1.941597096974995651e+01 4.906044061451666494e+00 -1.969421282410621643e-04
ant46 -1.649875478787847527e+01 5.173709922451507737e+00 -3.375811502337455750e-04
ant47 -1.165998252054244766e+01 3.413182405794486840e+00 9.803194552659988403e-05
ant48 -5.964107847460885736e+00 3.999549881027178344e+00 8.808812126517295837e-04
ant49 2.431113899647849408e+00 -3.046030055735627684e+00 -6.826650351285934448e-04
ant50 8.446090816016900149e+00 -5.235701607835380855e+00 -4.644999280571937561e-04
ant51 1.339293398948817959e+01 -3.045216081726266566e+00 8.533187210559844971e-04
ant52 2.090138709762565128e+01 -8.439024966417946416e+00 -4.689916968345642090e-04
ant53 2.531298621553893469e+01 -1.137452649897431911e+01 -3.509037196636199951e-04
ant54 -2.355950520494055667e+01 4.923045112980162230e+00 7.993541657924652100e-05
ant55 -2.352708141416345455e+01 9.213343896076366946e-01 -8.016359061002731323e-04
ant56 -1.388107692000024507e+01 1.400513918149499659e+00 7.513193413615226746e-04
ant57 -1.267329202491358409e+01 -3.029404187782802182e+00 -9.888801723718643188e-04
ant58 -4.202608429282312485e+00 -2.122556784878270264e+00 5.816835910081863403e-04
ant59 -1.392369692135011050e+00 -5.804629241586098942e+00 -1.758150756359100342e-05
ant60 2.700022327093998697e+00 -5.965467189631908695e+00 3.534834831953048706e-04
ant61 6.791676645711655524e+00 -6.123993142672134127e+00 3.951871767640113831e-04
ant62 1.312590086619335672e+01 -1.108886778793066696e+01 -4.806434735655784607e-04
ant63 1.764546603484510712e+01 -1.007473172009167683e+01 2.079438418149948120e-04
ant64 2.323238750170882128e+01 -1.343789276792495002e+01 3.031324595212936401e-04
ant65 -2.927216129707206704e+01 1.914680895965830132e-01 1.282170414924621582e-04
ant66 -2.251076293845229515e+01 -3.598432640010742034e+00 -4.299804568290710449e-04
ant67 -1.564253318488166222e+01 -3.439430886345235194e+00 -3.492459654808044434e-07
ant68 -1.208616411631495247e+01 -8.723404290071357536e+00 -3.174673765897750854e-04
ant69 -5.962971232752655837e+00 -6.961226864285436022e+00 2.535944804549217224e-04
ant70 -3.581039312100378069e+00 -1.181900855378307824e+01 -2.457536756992340088e-04
ant71 1.915117747472923071e-01 -9.201495378762501787e+00 3.605233505368232727e-04
ant72 3.748764593582260218e+00 -1.448694494263736487e+01 -1.564305275678634644e-04
ant73 9.869980265465224889e+00 -1.272456608179027171e+01 1.908866688609123230e-04
ant74 1.780655347261077992e+01 -1.694297052018055183e+01 1.442823559045791626e-04
ant75 1.954844875606674037e+01 -1.624763678433782843e+01 2.125091850757598877e-05
ant76 -2.705022040513843962e+01 -8.758312036913139309e+00 -9.373668581247329712e-05
ant77 -1.783021518766448565e+01 -9.453910815097060549e+00 -1.167617738246917725e-04
ant78 -1.256426977090571562e+01 -1.003946431680060414e+01 6.363708525896072388e-04
ant79 -1.135765874878537396e+01 -1.446957813190647357e+01 1.546302810311317444e-04
ant80 -6.409786763522182795e+00 -1.227973283174333119e+01 7.432997226715087891e-04
ant81 1.526681588110173848e+00 -1.649951271297004496e+01 3.849854692816734314e-04
ant82 6.793655816660853830e+00 -1.708570644015389917e+01 4.089707508683204651e-04
ant83 1.035006509088877102e+01 -2.237021935159691566e+01 -7.491670548915863037e-04
ant84 1.252096567438881358e+01 -2.050094897005010353e+01 1.983782276511192322e-04
ant85 -2.162215873917133280e+01 -1.621274456418586851e+01 -1.334128901362419128e-04
ant86 -1.827688565725960501e+01 -1.477158084743541622e+01 -1.563671976327896118e-04
ant87 -9.485965162669648620e+00 -1.664003735570122444e+01 4.321830347180366516e-04
ant88 -9.026513283527796361e+00 -1.946760999829393768e+01 3.974437713623046875e-04
ant89 -3.758655304592442903e+00 -2.005527988606309009e+01 2.215905115008354187e-04
ant90 1.827421166896479932e+00 -2.341751264104505026e+01 -3.191102296113967896e-04
ant91 5.065571742676789668e+00 -2.592692317710725547e+01 -2.713799476623535156e-04
ant92 -1.961120897849590250e+01 -1.843601212784824384e+01 2.505052834749221802e-04
ant93 -1.370430296837851891e+01 -2.457669672366000668e+01 -4.135370254516601562e-04
ant94 -9.612689844370228442e+00 -2.473468306873519396e+01 4.690755158662796021e-04
ant95 -1.568994131093253586e+00 -2.500251325477847786e+01 3.517856821417808533e-04
ant96 2.415431837280872074e+00 -2.911298880275398915e+01 1.523531973361968994e-04
