Tile51 -55.56 124.801 376.804
Tile52 177.467 -43.377 375.008
Tile53 -21.71 77.005 376.352
Tile54 91.809 -80.565 375.761
Tile55 153.7 -259.929 376.483
Tile56 -67.582 -22.361 376.175
Tile57 -118.037 -39.873 376.055
Tile58 -87.516 125.197 377.033
Tile71 -195.98 189.795 377.167
Tile72 -198.194 95.15 377.028
Tile73 -284.457 -196.181 374.910
Tile74 -388.152 -44.022 375.384
Tile75 -452.686 -15.933 375.127
Tile76 -468.817 185.187 374.772
Tile77 -364.524 183.098 375.752
Tile78 -369.608 266.484 375.256
Tile101 -518.046 632.503 372.657
Tile102 -489.943 604.568 372.955
Tile103 -575.557 415.008 373.414
Tile104 -585.675 -101.53 375.240
Tile105 -653.467 142.255 374.497
Tile106 -685.027 212.168 374.276
Tile107 -1079.598 87.018 377.101
Tile108 -1026.074 574.527 374.147
Tile111 -333.758 1660.732 371.294
Tile112 -227.151 898.129 373.762
Tile113 -173.717 781.638 374.267
Tile114 -256.952 892.005 373.560
Tile115 -195.018 762.893 374.142
Tile116 -249.647 731.709 373.844
Tile117 -300.696 704.326 373.560
Tile118 -889.471 1088.136 370.536
Tile121 716.393 1405.255 374.798
Tile122 288.066 618.265 375.171
Tile123 238.31 768.413 375.856
Tile124 227.878 819.724 375.805
Tile125 61.443 815.255 376.054
Tile126 -58.874 810.53 375.222
Tile127 35.224 950.242 376.346
Tile128 1.015 1412.363 373.839
Tile131 839.943 990.227 372.828
Tile132 1177.294 858.632 372.289
Tile133 1313.611 553.372 370.513
Tile134 556.122 244.485 372.313
Tile135 571.541 359.21 372.545
Tile136 488.857 424.98 373.000
Tile137 528.598 539.194 372.834
Tile138 381.069 652.864 374.296
Tile141 1100.945 151.76 369.162
Tile142 1201.132 -443.25 368.456
Tile143 498.629 -264.594 373.245
Tile144 301.193 -48.952 374.625
Tile145 370.648 -38.415 374.351
Tile146 544.324 -91.152 372.836
Tile147 506.793 -3.216 372.823
Tile148 523.727 75.494 372.635
Tile151 653.774 -1037.748 371.189
Tile152 442.99 -835.306 372.321
Tile153 -58.801 -505.332 372.933
Tile154 37.065 -405.05 374.047
Tile155 232.842 -357.891 375.276
Tile156 257.984 -366.453 375.237
Tile157 325.688 -318.508 375.045
Tile158 326.101 -306.307 375.144
Tile161 -412.457 -409.06 373.996
Tile162 -141.898 -420.261 373.518
Tile163 -480.27 -817.324 375.791
Tile164 -575.533 -863.782 375.607
Tile165 -674.021 -638.871 375.408
Tile166 -631.403 -245.107 375.580
Tile167 -633.237 -169.362 375.650
Tile168 -568.54 -257.66 375.277
LBA1 -1999.81 206.85 372.921
LBA2 -1770.14 53.59 374.440
LBA3 -1600.21 -64.26 375.535
LBA4 -1473.17 -194.32 376.218
LBA5 -1367.27 -453.65 374.906
LBA6 -1172.92 -569.74 374.774
LBA7 -1100.97 -698.66 374.122
LBA8 -889.29 -779.73 374.406
LBB1 -829.33 2563.46 369.515
LBB2 -330.61 2829.62 373.367
LBB3 -455.36 2039.45 370.946
LBB4 -175.09 2644.3 373.959
LBB5 -52.55 2142.93 373.188
LBB6 776.55 2535.7 377.701
LBB7 520.82 2352.17 376.345
LBB8 327.91 1962.28 374.381
LBC1 363.95 1536.78 374.634
LBC2 875.57 2181.3 377.049
LBC3 879.78 1687.73 376.532
LBC4 1360.97 2458.85 380.610
LBC5 1683.51 2153.35 380.989
LBC6 1371.37 1863.8 378.974
LBC7 1631.27 1497.8 376.743
LBC8 1224.7 1387.35 376.459
LBD1 1907.59 1247.36 375.325
LBD2 2054.93 1775.43 378.581
LBD3 2400.04 2214.24 380.840
LBD4 2441.55 1785.7 377.353
LBD5 2346.29 1367.78 375.661
LBD6 2770.82 1905.8 378.428
LBD7 3105.64 1640.33 376.795
LBD8 2872.28 1455.11 376.452
LBE1 1654.37 845.05 372.223
LBE2 1994.47 629.74 373.703
LBE3 2327.42 1026.38 374.519
LBE4 2238.17 408.81 371.502
LBE5 2698.58 931.59 373.229
LBE6 2670.33 572.92 371.787
LBE7 2405.67 23.61 369.349
LBE8 3029.46 1095.29 373.690
LBF1 803.01 -812.85 371.037
LBF2 1471.78 179.53 369.243
LBF3 1177.92 -691.74 368.310
LBF4 1677.27 -478.33 366.646
LBF5 1559.38 -932.27 367.407
LBF6 1881.27 -106.66 368.260
LBF7 2285.48 -251.75 367.949
LBF8 1991.31 -940.61 365.145
LBG1 165.76 -991.57 370.300
LBG2 511.31 -1486.98 368.752
LBG3 338.49 -2065.83 365.986
LBG4 805.81 -1408.62 367.881
LBG5 1105.72 -1139.39 370.544
LBG6 931.99 -1975.87 365.385
LBG7 1336.34 -1867.29 366.173
LBG8 1664.29 -1355.78 365.878
