Tile011  -149.78500366210938 265.6000724650281 377.1617232019039
Tile012  -95.36499786376953 269.9739092297643 377.43822187874093
Tile013  -88.51200103759766 265.80690410497084 377.45984473683865
Tile014  -78.697998046875 258.2169192029748 377.43753352769005
Tile015  -86.94000244140625 248.23788966953728 377.47987653406955
Tile016  -102.32499694824219 243.87393790677783 377.39640717774347
Tile017  -93.34600067138672 242.06494091544278 377.4073743351309
Tile018  -148.3300018310547 220.05696536158308 377.33888933924743
Tile021  -132.93899536132812 282.3970719223658 377.1622800515523
Tile022  -139.86700439453125 275.2840574032852 377.17423601751153
Tile023  -123.66699981689453 284.64005582036606 377.2115261477021
Tile024  -92.88899993896484 281.1439384498209 377.413552825997
Tile025  -77.83499908447266 282.62492633165374 377.41338591734757
Tile026  -83.47599792480469 277.3488995424303 377.45738987969827
Tile027  -76.98799896240234 272.42290658739125 377.4526116971642
Tile028  -176.00599670410156 289.68930847859633 376.7873885913279
Tile031  -23.6200008392334 201.33220955573498 376.9192700468371
Tile032  -23.802000045776367 222.13915976584127 376.99809054270804
Tile033  -40.48899841308594 234.9561085621084 377.0943509319046
Tile034  -54.527000427246094 237.30402349025482 377.25767024615743
Tile035  -64.85099792480469 250.59895369666435 377.38124037509033
Tile036  -70.07499694824219 259.1879415266601 377.413090492846
Tile037  -60.05699920654297 263.4619764426849 377.329516624538
Tile038  -50.67599868774414 264.3320167966372 377.2500236175035
Tile041  -67.98999786376953 270.8889454317491 377.38972974485
Tile042  -60.05799865722656 271.6909653995978 377.35820230763665
Tile043  -70.88500213623047 278.60393143896033 377.4101282248331
Tile044  -45.540000915527344 273.0310398101919 377.2209620278456
Tile045  -53.15599822998047 276.0540359698085 377.2466638084591
Tile046  -22.659000396728516 263.4801134225355 377.0975322474962
Tile047  -55.09700012207031 284.07098134407903 377.3422152929711
Tile048  -14.899999618530273 273.6561282124831 377.0653107590415
Tile061  -105.28099822998047 216.96593917265167 377.37815141673536
Tile062  -98.52999877929688 229.94794413202254 377.39052105457733
Tile063  -81.84500122070312 229.1229416552619 377.40003227633343
Tile064  -79.54100036621094 237.9139406068483 377.405019452572
Tile065  -75.12000274658203 246.78794059935936 377.3950695824323
Tile066  -71.01699829101562 235.71495340621178 377.3727966097125
Tile067  -62.56700134277344 228.7729696449681 377.3398361672703
Tile068  -50.691001892089844 221.67104066063817 377.20381866196647
Tile081  -160.46499633789062 572.994267468131 375.09813298164397
Tile082  -128.04600524902344 350.28030168381144 376.7687836307799
Tile083  -69.77100372314453 293.8169757404477 377.358730572639
Tile084  -78.73100280761719 297.04496976189364 377.3645901502261
Tile085  -103.94100189208984 300.70005079462754 377.22063706055394
Tile086  -100.1719970703125 288.6819866415657 377.3208443183196
Tile087  -395.4519958496094 370.9394841862089 374.7255106785034
Tile088  -263.5469970703125 389.06100222833754 375.5427675515818
Tile091  326.1409912109375 203.3958281671512 374.06045493587584
Tile092  173.4250030517578 193.3822126266899 375.1417799534834
Tile093  -2.515000104904175 292.62714367503247 377.0580677339096
Tile094  -46.55400085449219 287.25500875775015 377.27801207502165
Tile095  -56.14099884033203 295.7079870588441 377.32382312211
Tile096  -33.70500183105469 350.83408737889056 377.1751037207925
Tile097  50.12699890136719 535.9455010378522 376.48510476571835
Tile098  84.87999725341797 518.9274229562125 376.6084459545543
HexE1    86.37300109863281 283.9075080662069 376.41112264811625
HexE2    100.34700012207031 283.88353045157464 376.3411017100153
HexE3    114.34600067138672 283.87870925318987 376.0711099178083
HexE4    128.33999633789062 283.8907820904377 375.931102095819
HexE5    79.36900329589844 271.7725059319031 376.39422863545707
HexE6    93.33899688720703 271.7626231175738 376.22424009137916
HexE7    107.36499786376953 271.743678743261 376.10423420764715
HexE8    121.3550033569336 271.777743410934 375.98422787861807
HexE9    135.36700439453125 271.74885382707987 375.80421878467223
HexE10   72.37999725341797 259.63450739683674 376.3873426901609
HexE11   86.3489990234375 259.6305890084076 376.24735631385494
HexE12   100.37300109863281 259.63365916155726 376.1073433845994
HexE13   114.35700225830078 259.6257429710371 375.96735474032096
HexE14   128.3459930419922 259.6348137289349 375.847364749709
HexE15   142.36000061035156 259.6359342767255 375.6473531461845
HexE16   65.36199951171875 247.50953026802097 376.37048488231886
HexE17   79.36599731445312 247.5286125669091 376.2204712695953
HexE18   93.3550033569336 247.52968380170051 376.0804877239267
HexE19   121.36900329589844 247.53081568935337 375.86048710994686
HexE20   135.35299682617188 247.50787919153703 375.73046919422814
HexE21   149.35800170898438 247.51799106625072 375.55048222599845
HexE22   72.36299896240234 235.39660505639176 376.22359849027214
HexE23   86.34400177001953 235.39267532810027 376.1036011244214
HexE24   100.36699676513672 235.40273790712752 375.9836116964744
HexE25   114.33499908447266 235.38481021024256 375.87358563916115
HexE26   128.3489990234375 235.39690572721517 375.6935997962612
HexE27   142.33999633789062 235.3729717296818 375.5735910818919
HexE28   79.3740005493164 223.26066215630814 376.1167075915393
HexE29   93.34300231933594 223.27473779621306 375.99672044022117
HexE30   107.35700225830078 223.24879355777182 375.89669960232084
HexE31   121.37200164794922 223.2749079807121 375.69673269552567
HexE32   135.3520050048828 223.27294487622964 375.6067352294744
HexE33   86.36199951171875 211.12773089846098 375.99983915167303
HexE34   100.36399841308594 211.12479866988653 375.86983258447304
HexE35   114.35900115966797 211.1398831493708 375.71984722135016
HexE36   128.34500122070312 211.14495610517756 375.5998549627658
HexS1    -9.984999656677246 158.23835741765004 376.62983852251864
HexS2    4.00600004196167 158.24242897212827 376.4998359285986
HexS3    18.02199935913086 158.22551577609747 376.3498324130397
HexS4    32.01300048828125 158.22858983085862 376.22983902046894
HexS5    -17.01300048828125 146.09534090105092 376.6729375315099
HexS6    -2.984999895095825 146.1024258574288 376.5029586133305
HexS7    11.022000312805176 146.09749864673313 376.392939931256
HexS8    25.00200080871582 146.10659776294312 376.22296215571913
HexS9    39.013999938964844 146.09064802972952 376.1229469877499
HexS10   -23.965999603271484 133.98735248031642 376.6460795942084
HexS11   -9.982999801635742 133.97143110541512 376.4960766413144
HexS12   4.005000114440918 133.99249528689882 376.3760629370467
HexS13   17.989999771118164 133.96859356660198 376.2260554568641
HexS14   32.00899887084961 133.97064920158473 376.12605050342734
HexS15   46.01599884033203 134.00771023539477 375.9960971421816
HexS16   -30.990999221801758 121.86133033307335 376.66919922729926
HexS17   -16.98900032043457 121.85641251143426 376.529181766427
HexS18   -2.9719998836517334 121.8444908894297 376.38919084984786
HexS19   25.014999389648438 121.84162302418582 376.1591781995532
HexS20   39.013999938964844 121.87669846493111 376.01921394463506
HexS21   53.01900100708008 121.83878351725417 375.8791777643335
HexS22   -23.993999481201172 109.72339421053181 376.55229743056594
HexS23   -9.979999542236328 109.73048876442154 376.392297767484
HexS24   3.996000051498413 109.73754731329294 376.28231640257184
HexS25   18.024999618530273 109.74563563911784 376.1323270704972
HexS26   32.02399826049805 109.73069866440787 376.0223027098351
HexS27   46.02199935913086 109.7357810092712 375.87231167245295
HexS28   -16.98699951171875 97.5964710129963 376.41541286462984
HexS29   -2.997999906539917 97.60554743216889 376.2854436275769
HexS30   11.019000053405762 97.61959842423057 376.1954552464
HexS31   25.003999710083008 97.62267052818605 376.0654520854869
HexS32   39.020999908447266 97.6067341029533 375.9554271578317
HexS33   -9.987000465393066 85.48854127700488 376.2985586082479
HexS34   4.01800012588501 85.48458690087021 376.20856001253856
HexS35   18.01799964904785 85.50266034286615 376.0885751291928
HexS36   32.01300048828125 85.49972811429173 375.9585685619928
LBF1     803.010009765625 -813.0603375424479 370.5788151883958
LBF2     1471.780029296875 179.32049829056194 369.3417790377907
LBF3     1177.9200439453125 -691.9488229313914 367.91751091097314
LBF4     1677.27001953125 -478.5379118826971 366.3785760241225
LBF5     1559.3800048828125 -932.4783029520016 366.88106333189666
LBF6     1881.27001953125 -106.86890215033532 368.1994417798068
LBF7     2285.47998046875 -251.95869927764153 367.8071340274321
LBF8     1991.31005859375 -940.8169853160006 364.61632262774674
LBG1     165.75999450683594 -991.7799207042895 369.7374058331353
LBG2     511.30999755859375 -1487.1889348133275 367.90636986010924
LBG3     338.489990234375 -2066.0373735559115 364.81797613041454
LBG4     805.8099975585938 -1408.8284685188864 367.08082887458414
LBG5     1105.719970703125 -1139.6000404066162 369.8935675546081
LBG6     931.989990234375 -1976.076964655239 364.26903542315466
LBG7     1336.3399658203125 -1867.4974685699606 365.1106320014352
LBG8     1664.2900390625 -1355.9873765919474 365.11080555986007
